1242027066208
2845525765812
1844465564205
071224377002
183654636706
061019213022
444950606920
030726373920
404250515605
0920666768813
101133485411
020516326922
081319536701
162627536905
032128546511
022332405216
030641454609
151920223013
012345557025
1718246869611
063050546602
062932515322
1723262833608
092830384001
092128687019
041934384614
236365686913
151734426106
183440496105
313644506608
011018206323
045052587003
112428425120
03411203347015
060812467001
163344456620
405258667002
040916426503
253155636405
063139536818
054350636823
153049576007
0629435669814
112224337022
2425333654620
010330426909
011825416407
060724326818
0521386364814
081064657015
192224485804
193152677014
285253636609
020814193518
344659606714
081937455725
020443555902
404554676810
021327535619
0809105770
101639485108
293342436124
152139486010
052250626824
0311152551604
091921465822
0112142960
162049596401
0935475566612
0953596669815
162028486106
042944565725
051216313916
073445556516
072224345516
192246496520
21733364223
101415195402
0816206264
3237626470
21928345012
060919666918
042437545723
151628333905
013748505
11152528592
928464754
3647496011
1041841456710
01102142661
050837626912
24414553640
162324356123
0111305060
061113216824
070925
273319
0310116069
010356646620
011734546021
122330355813
274854586920
021416256914
103156586601
04458686910
32442477007
1024364062
051011334302
011529606406
24314246686
163346525516
173132444818
61956646510
213256586614
06223557600
0509424470815
365054565820
152833526715
42021616710
384452
111736526823
45476366670
1117186667
05344260670
14212634641
07083442480
12162740560
021112556621
13233641470
161749545780
08103543532
354964676813
31344155618605
152934526311
011826314704
051233354613
0608475563817
032326445303
111330385205
303242596707
0550516069804
042439436624
143248536317
022237395312
163747486306
08122404963814
234248556809
2444606366817
151619234423
0817365259811
021743445417